#----------Finances------------------
arpu.conecel <- 6.78
arpu.otecel <- 5.16
costo.frecuencia <- 1908
tasa.descuento <- 0.1053

plan.servicio <- 20

#---------Costs Radio Bases----------
# CAPEX
sitio.min <- 20000
sitio.med <- 154616.03
sitio.max <- 210000
enode.min <- 36412
enode.med <- 36412
enode.max <- 46740.19

# OPEX
rbs.mantenimineto <-  4500


#----------Costs Microwaves equipment-------------
# CAPEX
radio.100.min <- 10794
radio.100.max <- 16088
micro.install.min <- 1356
micro.install.max <- 2329

# OPEX
micro.mantenimiento <- 1652.61


# https://forum.huawei.com/enterprise/es/%C2%BFQu%C3%A9-distancia-pueden-recorrer-las-microondas/thread/667237165240827904-667212889045479424
micro.range <- 100


#------------Costs of fiber links-------------------
# CAPEX
fibkm.capex.min <- 1900
fibkm.capex.max <- 4329
fibkm.install <- 1231

fibkm.mantenimiento <- 154

fibkm.min.15 <- 4267.73
fibkm.max.15 <- 6696.73

# Costs of satellital solution
# OPEX
plan40gb <- 5934.64
plan1tb <- 13729.39
plan2tb <- 27281.62








